"date","season","team1","team2","pointspread","score1","score2","location","overtime","overunder"
"2017/09/10",2017,"arizona","detroit",-2,23,35,"V",FALSE,48.5
"2017/09/17",2017,"arizona","indianapolis",-7,16,13,"V",TRUE,44
"2017/09/25",2017,"arizona","dallas",3,17,28,"H",FALSE,46.5
"2017/10/01",2017,"arizona","s. fran.",-6.5,18,15,"H",TRUE,44
"2017/10/08",2017,"arizona","philadelphia",6.5,7,34,"V",FALSE,45
"2017/10/15",2017,"arizona","tampa bay",2.5,38,33,"H",FALSE,46
"2017/10/22",2017,"arizona","la rams",3,0,33,"N",FALSE,46
"2017/11/05",2017,"arizona","san francisco",-2.5,20,10,"V",FALSE,39
"2017/11/09",2017,"arizona","seattle",6,16,22,"H",FALSE,40.5
"2017/11/19",2017,"arizona","houston",2,21,31,"V",FALSE,38.5
"2017/11/26",2017,"arizona","j'ville",5.5,27,24,"V",FALSE,38
"2017/12/03",2017,"arizona","la rams",7,16,32,"H",FALSE,43.5
"2017/12/10",2017,"arizona","tennessee",2.5,12,7,"H",FALSE,42.5
"2017/12/17",2017,"arizona","washington",4.5,15,20,"V",FALSE,40.5
"2017/12/24",2017,"arizona","ny giants",-3.5,23,0,"H",FALSE,39.5
"2017/12/31",2017,"arizona","seattle",8.5,26,24,"V",FALSE,38
"2017/09/10",2017,"atlanta ","chicago",-6.5,23,17,"V",FALSE,48.5
"2017/09/17",2017,"atlanta ","green bay",-3,34,23,"H",FALSE,54.5
"2017/09/24",2017,"atlanta ","detroit",-3,30,26,"V",FALSE,50.5
"2017/10/01",2017,"atlanta ","buffalo",-8.5,17,23,"H",FALSE,48.5
"2017/10/15",2017,"atlanta ","miami",-13.5,17,20,"H",FALSE,46
"2017/10/22",2017,"atlanta ","new england",3,7,23,"V",FALSE,56.5
"2017/10/29",2017,"atlanta ","ny jets",-6.5,25,20,"V",FALSE,44
"2017/11/05",2017,"atlanta ","carolina",-2.5,17,20,"V",FALSE,42
"2017/11/12",2017,"atlanta ","dallas",-3.5,27,7,"H",FALSE,49
"2017/11/20",2017,"atlanta ","seattle",1.5,34,31,"V",FALSE,46
"2017/11/26",2017,"atlanta ","tampa bay",-10,34,20,"H",FALSE,47.5
"2017/12/03",2017,"atlanta ","minnesota",-2.5,9,14,"H",FALSE,48
"2017/12/07",2017,"atlanta ","n. orleans",-2.5,20,17,"H",FALSE,51.5
"2017/12/18",2017,"atlanta ","tampa bay",-6.5,24,21,"V",FALSE,48.5
"2017/12/24",2017,"atlanta ","new orleans",5.5,13,23,"V",FALSE,52
"2017/12/31",2017,"atlanta ","carolina",-4.5,22,10,"H",FALSE,44.5
"2018/01/06",2017,"atlanta ","la rams",6,26,13,"V",FALSE,48
"2018/01/13",2017,"atlanta ","philadelphia",-2.5,10,15,"V",FALSE,40.5
"2017/09/10",2017,"baltimore ","cincinnati",3,20,0,"V",FALSE,41.5
"2017/09/17",2017,"baltimore ","cleveland",-7.5,24,10,"H",FALSE,39
"2017/09/24",2017,"baltimore ","jacksonville",-3,7,44,"N",FALSE,39
"2017/10/01",2017,"baltimore ","pittsburgh",3.5,9,26,"H",FALSE,42
"2017/10/08",2017,"baltimore ","oakland",3,30,17,"V",FALSE,40.5
"2017/10/15",2017,"baltimore ","chicago",-6,24,27,"H",TRUE,39.5
"2017/10/22",2017,"baltimore ","minnesota",5,16,24,"V",FALSE,38
"2017/10/26",2017,"baltimore ","miami",-3,40,0,"H",FALSE,38
"2017/11/05",2017,"baltimore ","tennessee",3.5,20,23,"V",FALSE,42.5
"2017/11/19",2017,"baltimore ","green bay",-2.5,23,0,"V",FALSE,38.5
"2017/11/27",2017,"baltimore ","houston",-7.5,23,16,"H",FALSE,39.5
"2017/12/03",2017,"baltimore ","detroit",-2.5,44,20,"H",FALSE,43.5
"2017/12/10",2017,"baltimore ","pittsburgh",5.5,38,39,"V",FALSE,43
"2017/12/17",2017,"baltimore ","cleveland",-7,27,10,"V",FALSE,42
"2017/12/23",2017,"baltimore ","indi.",-13.5,23,16,"H",FALSE,41
"2017/12/31",2017,"baltimore ","cincinnati",-8.5,27,31,"H",FALSE,40
"2017/09/10",2017,"buffalo ","ny jets",-8,21,12,"H",FALSE,41.5
"2017/09/17",2017,"buffalo ","carolina",6.5,3,9,"V",FALSE,43.5
"2017/09/24",2017,"buffalo ","denver",3.5,26,16,"H",FALSE,39.5
"2017/10/01",2017,"buffalo ","atlanta",8.5,23,17,"V",FALSE,48.5
"2017/10/08",2017,"buffalo ","cincinnati",3,16,20,"V",FALSE,39.5
"2017/10/22",2017,"buffalo ","tampa bay",-3,30,27,"H",FALSE,45.5
"2017/10/29",2017,"buffalo ","oakland",-2,34,14,"H",FALSE,47
"2017/11/02",2017,"buffalo ","ny jets",-3,21,34,"V",FALSE,42.5
"2017/11/12",2017,"buffalo ","n. orleans",2.5,10,47,"H",FALSE,48
"2017/11/19",2017,"buffalo ","la chargers",6.5,24,54,"V",FALSE,41.5
"2017/11/26",2017,"buffalo ","kansas city",9,16,10,"V",FALSE,46.5
"2017/12/03",2017,"buffalo ","n. england",8,3,23,"H",FALSE,49
"2017/12/10",2017,"buffalo ","indy",-3.5,13,7,"H",TRUE,37
"2017/12/17",2017,"buffalo ","miami",-3.5,24,16,"H",FALSE,39.5
"2017/12/24",2017,"buffalo ","new england",11.5,16,37,"V",FALSE,47.5
"2017/12/31",2017,"buffalo ","miami",-2.5,22,16,"V",FALSE,41.5
"2018/01/07",2017,"buffalo ","jacksonville",8.5,3,10,"V",FALSE,40
"2017/09/10",2017,"carolina","san francisco",-5,23,3,"V",FALSE,47
"2017/09/17",2017,"carolina","buffalo",-6.5,9,3,"H",FALSE,43.5
"2017/09/24",2017,"carolina","n. orleans",-5.5,13,34,"H",FALSE,46.5
"2017/10/01",2017,"carolina","new england",9.5,33,30,"V",FALSE,48.5
"2017/10/08",2017,"carolina","detroit",2.5,27,24,"V",FALSE,42.5
"2017/10/12",2017,"carolina","phila.",-3,23,28,"H",FALSE,44
"2017/10/22",2017,"carolina","chicago",-3,3,17,"V",FALSE,40
"2017/10/29",2017,"carolina","tampa bay",1.5,17,3,"V",FALSE,46
"2017/11/05",2017,"carolina","atlanta",2.5,20,17,"H",FALSE,42
"2017/11/13",2017,"carolina","miami",-9,45,21,"H",FALSE,38.5
"2017/11/26",2017,"carolina","ny jets",-5.5,35,27,"V",FALSE,39.5
"2017/12/03",2017,"carolina","new orleans",5.5,21,31,"V",FALSE,47.5
"2017/12/10",2017,"carolina","minnesota",2.5,31,24,"H",FALSE,40.5
"2017/12/17",2017,"carolina","green bay",-3,31,24,"H",FALSE,46.5
"2017/12/24",2017,"carolina","tampa bay",-10,22,19,"H",FALSE,46.5
"2017/12/31",2017,"carolina","atlanta",4.5,10,22,"V",FALSE,44.5
"2018/01/07",2017,"carolina","new orleans",6.5,26,31,"V",FALSE,47.5
"2017/09/10",2017,"chicago","atlanta",6.5,17,23,"H",FALSE,48.5
"2017/09/17",2017,"chicago","tampa bay",7,7,29,"V",FALSE,43.5
"2017/09/24",2017,"chicago","pitt",7.5,23,17,"H",TRUE,44
"2017/09/28",2017,"chicago","green bay",7.5,14,35,"V",FALSE,44
"2017/10/09",2017,"chicago","minnesota",3.5,17,20,"H",FALSE,41
"2017/10/15",2017,"chicago","baltimore",6,27,24,"V",TRUE,39.5
"2017/10/22",2017,"chicago","carolina",3,17,3,"H",FALSE,40
"2017/10/29",2017,"chicago","new orleans",8.5,12,20,"V",FALSE,46.5
"2017/11/12",2017,"chicago","green bay",-5,16,23,"H",FALSE,37.5
"2017/11/19",2017,"chicago","detroit",3,24,27,"H",FALSE,41
"2017/11/26",2017,"chicago","philadelphia",13.5,3,31,"V",FALSE,43.5
"2017/12/03",2017,"chicago","s. fran.",-3,14,15,"H",FALSE,42
"2017/12/10",2017,"chicago","cincinnati",6,33,7,"V",FALSE,40
"2017/12/16",2017,"chicago","detroit",5,10,20,"V",FALSE,43.5
"2017/12/24",2017,"chicago","cleveland",-6,20,3,"H",FALSE,37
"2017/12/31",2017,"chicago","minnesota",12.5,10,23,"V",FALSE,38.5
"2017/09/10",2017,"cincinnati ","baltimore",-3,0,20,"H",FALSE,41.5
"2017/09/14",2017,"cincinnati ","houston",-5.5,9,13,"H",FALSE,38.5
"2017/09/24",2017,"cincinnati ","green bay",7.5,24,27,"V",TRUE,47.5
"2017/10/01",2017,"cincinnati ","cleveland",-3,31,7,"V",FALSE,41.5
"2017/10/08",2017,"cincinnati ","buffalo",-3,20,16,"H",FALSE,39.5
"2017/10/22",2017,"cincinnati ","pittsburgh",4,14,29,"V",FALSE,40.5
"2017/10/29",2017,"cincinnati ","indy",-10.5,24,23,"H",FALSE,43.5
"2017/11/05",2017,"cincinnati ","jacksonville",6,7,23,"V",FALSE,38.5
"2017/11/12",2017,"cincinnati ","tennessee",4.5,20,24,"V",FALSE,40.5
"2017/11/19",2017,"cincinnati ","denver",2.5,20,17,"V",FALSE,38
"2017/11/26",2017,"cincinnati ","cleveland",-7.5,30,16,"H",FALSE,38.5
"2017/12/04",2017,"cincinnati ","pittsburgh",4.5,20,23,"H",FALSE,43
"2017/12/10",2017,"cincinnati ","chicago",-6,7,33,"H",FALSE,40
"2017/12/17",2017,"cincinnati ","minnesota",12.5,7,34,"V",FALSE,42.5
"2017/12/24",2017,"cincinnati ","detroit",3.5,26,17,"H",FALSE,43.5
"2017/12/31",2017,"cincinnati ","baltimore",8.5,31,27,"V",FALSE,40
"2017/09/10",2017,"cleveland","pittsburgh",9.5,18,21,"H",FALSE,47
"2017/09/17",2017,"cleveland","baltimore",7.5,10,24,"V",FALSE,39
"2017/09/24",2017,"cleveland","indianapolis",-1,28,31,"V",FALSE,42
"2017/10/01",2017,"cleveland","cincinnati",3,7,31,"H",FALSE,41.5
"2017/10/08",2017,"cleveland","ny jets",1,14,17,"H",FALSE,41
"2017/10/15",2017,"cleveland","houston",7.5,17,33,"V",FALSE,46.5
"2017/10/22",2017,"cleveland","tenn.",5.5,9,12,"H",TRUE,42.5
"2017/10/29",2017,"cleveland","minnesota",10.5,16,33,"N",FALSE,38.5
"2017/11/12",2017,"cleveland","detroit",10.5,24,38,"V",FALSE,43
"2017/11/19",2017,"cleveland","j'ville",7.5,7,19,"V",FALSE,37
"2017/11/26",2017,"cleveland","cincinnati",7.5,16,30,"V",FALSE,38.5
"2017/12/03",2017,"cleveland","la chargers",13.5,10,19,"V",FALSE,44.5
"2017/12/10",2017,"cleveland","g. bay",3,21,27,"H",TRUE,39
"2017/12/17",2017,"cleveland","baltimore",7,10,27,"H",FALSE,42
"2017/12/24",2017,"cleveland","chicago",6,3,20,"V",FALSE,37
"2017/12/31",2017,"cleveland","pittsburgh",5.5,24,28,"V",FALSE,37.5
"2017/09/10",2017,"dallas ","ny giants",-4,19,3,"H",FALSE,47
"2017/09/17",2017,"dallas ","denver",-2.5,17,42,"V",FALSE,43.5
"2017/09/25",2017,"dallas ","arizona",-3,28,17,"V",FALSE,46.5
"2017/10/01",2017,"dallas ","la rams",-5.5,30,35,"H",FALSE,50
"2017/10/08",2017,"dallas ","green bay",-2.5,31,35,"H",FALSE,52.5
"2017/10/22",2017,"dallas ","san francisco",-6.5,40,10,"V",FALSE,48.5
"2017/10/29",2017,"dallas ","washington",-2.5,33,19,"V",FALSE,46.5
"2017/11/05",2017,"dallas ","kan. city",-2.5,28,17,"H",FALSE,53.5
"2017/11/12",2017,"dallas ","atlanta",3.5,7,27,"V",FALSE,49
"2017/11/19",2017,"dallas ","phila.",6,9,37,"H",FALSE,48
"2017/11/23",2017,"dallas ","la charg.",1.5,6,28,"H",FALSE,48
"2017/11/30",2017,"dallas ","wash.",1.5,38,14,"H",FALSE,47
"2017/12/10",2017,"dallas ","ny giants",-3.5,30,10,"V",FALSE,41.5
"2017/12/17",2017,"dallas ","oakland",-3,20,17,"V",FALSE,46
"2017/12/24",2017,"dallas ","seattle",-4.5,12,21,"H",FALSE,47
"2017/12/31",2017,"dallas ","philadelphia",-3.5,6,0,"V",FALSE,41
"2017/09/11",2017,"denver","la charg.",-3,24,21,"H",FALSE,42.5
"2017/09/17",2017,"denver","dallas",2.5,42,17,"H",FALSE,43.5
"2017/09/24",2017,"denver","buffalo",-3.5,16,26,"V",FALSE,39.5
"2017/10/01",2017,"denver","oakland",-3.5,16,10,"H",FALSE,44.5
"2017/10/15",2017,"denver","ny giants",-12.5,10,23,"H",FALSE,38.5
"2017/10/22",2017,"denver","la chargers",-1,0,21,"V",FALSE,41
"2017/10/30",2017,"denver","kansas city",7.5,19,29,"V",FALSE,42.5
"2017/11/05",2017,"denver","philadelphia",7.5,23,51,"V",FALSE,41.5
"2017/11/12",2017,"denver","n. england",7.5,16,41,"H",FALSE,45
"2017/11/19",2017,"denver","cincinnati",-2.5,17,20,"H",FALSE,38
"2017/11/26",2017,"denver","oakland",4,14,21,"V",FALSE,42
"2017/12/03",2017,"denver","miami",-1.5,9,35,"V",FALSE,40.5
"2017/12/10",2017,"denver","ny jets",1,23,0,"H",FALSE,41
"2017/12/14",2017,"denver","indianapolis",-2.5,25,13,"V",FALSE,40.5
"2017/12/24",2017,"denver","washington",3.5,11,27,"V",FALSE,39.5
"2017/12/31",2017,"denver","kansas city",-3,24,27,"H",FALSE,37.5
"2017/09/10",2017,"detroit ","arizona",2,35,23,"H",FALSE,48.5
"2017/09/18",2017,"detroit ","ny giants",3,24,10,"V",FALSE,42
"2017/09/24",2017,"detroit ","atlanta",3,26,30,"H",FALSE,50.5
"2017/10/01",2017,"detroit ","minnesota",2.5,14,7,"V",FALSE,43
"2017/10/08",2017,"detroit ","carolina",-2.5,24,27,"H",FALSE,42.5
"2017/10/15",2017,"detroit ","new orleans",5,38,52,"V",FALSE,50
"2017/10/29",2017,"detroit ","pittsburgh",3,15,20,"H",FALSE,45
"2017/11/06",2017,"detroit ","green bay",-2.5,30,17,"V",FALSE,43
"2017/11/12",2017,"detroit ","cleveland",-10.5,38,24,"H",FALSE,43
"2017/11/19",2017,"detroit ","chicago",-3,27,24,"V",FALSE,41
"2017/11/23",2017,"detroit ","minnesota",2.5,23,30,"H",FALSE,45
"2017/12/03",2017,"detroit ","baltimore",2.5,20,44,"V",FALSE,43.5
"2017/12/10",2017,"detroit ","tampa bay",0,24,21,"V",FALSE,47.5
"2017/12/16",2017,"detroit ","chicago",-5,20,10,"H",FALSE,43.5
"2017/12/24",2017,"detroit ","cincinnati",-3.5,17,26,"V",FALSE,43.5
"2017/12/31",2017,"detroit ","green bay",-7,35,11,"H",FALSE,44.5
"2017/09/10",2017,"green bay","seattle",-3,17,9,"H",FALSE,50.5
"2017/09/17",2017,"green bay","atlanta",3,23,34,"V",FALSE,54.5
"2017/09/24",2017,"green bay","cincy",-7.5,27,24,"H",TRUE,47.5
"2017/09/28",2017,"green bay","chicago",-7.5,35,14,"H",FALSE,44
"2017/10/08",2017,"green bay","dallas",2.5,35,31,"V",FALSE,52.5
"2017/10/15",2017,"green bay","minnesota",-3,10,23,"V",FALSE,45.5
"2017/10/22",2017,"green bay","n. orleans",3.5,17,26,"H",FALSE,46
"2017/11/06",2017,"green bay","detroit",2.5,17,30,"H",FALSE,43
"2017/11/12",2017,"green bay","chicago",5,23,16,"V",FALSE,37.5
"2017/11/19",2017,"green bay","baltimore",2.5,0,23,"H",FALSE,38.5
"2017/11/26",2017,"green bay","pittsburgh",14,28,31,"V",FALSE,43
"2017/12/03",2017,"green bay","t. bay",-2.5,26,20,"H",TRUE,45
"2017/12/10",2017,"green bay","cleveland",-3,27,21,"V",TRUE,39
"2017/12/17",2017,"green bay","carolina",3,24,31,"V",FALSE,46.5
"2017/12/23",2017,"green bay","minnesota",8.5,0,16,"H",FALSE,40.5
"2017/12/31",2017,"green bay","detroit",7,11,35,"V",FALSE,44.5
"2017/09/10",2017,"houston ","j'ville",-5.5,7,29,"V",FALSE,38
"2017/09/14",2017,"houston ","cincinnati",5.5,13,9,"V",FALSE,38.5
"2017/09/24",2017,"houston ","new england",13.5,33,36,"V",FALSE,44.5
"2017/10/01",2017,"houston ","tennessee",2.5,57,14,"H",FALSE,43.5
"2017/10/08",2017,"houston ","kansas city",1.5,34,42,"H",FALSE,44.5
"2017/10/15",2017,"houston ","cleveland",-7.5,33,17,"H",FALSE,46.5
"2017/10/29",2017,"houston ","seattle",6.5,38,41,"V",FALSE,45.5
"2017/11/05",2017,"houston ","indy",-6,14,20,"H",FALSE,45
"2017/11/12",2017,"houston ","la rams",12,7,33,"V",FALSE,45.5
"2017/11/19",2017,"houston ","arizona",-2,31,21,"H",FALSE,38.5
"2017/11/27",2017,"houston ","baltimore",7.5,16,23,"V",FALSE,39.5
"2017/12/03",2017,"houston ","tennessee",7,13,24,"V",FALSE,42.5
"2017/12/10",2017,"houston ","s. francisco",-2,16,26,"H",FALSE,45.5
"2017/12/17",2017,"houston ","jacksonville",11,7,45,"V",FALSE,39
"2017/12/25",2017,"houston ","pittsburgh",9.5,6,34,"H",FALSE,45.5
"2017/12/31",2017,"houston ","indianapolis",5.5,13,22,"V",FALSE,41.5
"2017/09/10",2017,"indianapolis ","la rams",3.5,9,46,"V",FALSE,41.5
"2017/09/17",2017,"indianapolis ","arizona",7,13,16,"H",TRUE,44
"2017/09/24",2017,"indianapolis ","cleveland",1,31,28,"H",FALSE,42
"2017/10/01",2017,"indianapolis ","seattle",12.5,18,46,"V",FALSE,42
"2017/10/08",2017,"indianapolis ","s. fran.",-1.5,26,23,"H",TRUE,44
"2017/10/16",2017,"indianapolis ","tennessee",7.5,22,36,"V",FALSE,47.5
"2017/10/22",2017,"indianapolis ","j'ville",3,0,27,"V",FALSE,41.5
"2017/10/29",2017,"indianapolis ","cincinnati",10.5,23,24,"V",FALSE,43.5
"2017/11/05",2017,"indianapolis ","houston",6,20,14,"V",FALSE,45
"2017/11/12",2017,"indianapolis ","pittsburgh",10.5,17,20,"H",FALSE,46.5
"2017/11/26",2017,"indianapolis ","tennessee",3.5,16,20,"H",FALSE,46
"2017/12/03",2017,"indianapolis ","jacksonville",9.5,10,30,"V",FALSE,41
"2017/12/10",2017,"indianapolis ","buffalo",3.5,7,13,"V",TRUE,37
"2017/12/14",2017,"indianapolis ","denver",2.5,13,25,"H",FALSE,40.5
"2017/12/23",2017,"indianapolis ","baltimore",13.5,16,23,"V",FALSE,41
"2017/12/31",2017,"indianapolis ","houston",-5.5,22,13,"H",FALSE,41.5
"2017/09/10",2017,"jacksonville","houston",5.5,29,7,"V",FALSE,38
"2017/09/17",2017,"jacksonville","tennessee",1.5,16,37,"H",FALSE,41.5
"2017/09/24",2017,"jacksonville","baltimore",3,44,7,"N",FALSE,39
"2017/10/01",2017,"jacksonville","ny jets",-4,20,23,"V",TRUE,38.5
"2017/10/08",2017,"jacksonville","pittsburgh",7.5,30,9,"V",FALSE,42
"2017/10/15",2017,"jacksonville","la rams",-2,17,27,"H",FALSE,42.5
"2017/10/22",2017,"jacksonville","indianapolis",-3,27,0,"V",FALSE,41.5
"2017/11/05",2017,"jacksonville","cincinnati",-6,23,7,"H",FALSE,38.5
"2017/11/12",2017,"jacksonville","la charg.",-5,20,17,"H",TRUE,41
"2017/11/19",2017,"jacksonville","cleveland",-7.5,19,7,"V",FALSE,37
"2017/11/26",2017,"jacksonville","arizona",-5.5,24,27,"V",FALSE,38
"2017/12/03",2017,"jacksonville","indy",-9.5,30,10,"H",FALSE,41
"2017/12/10",2017,"jacksonville","seattle",-2.5,30,24,"H",FALSE,41
"2017/12/17",2017,"jacksonville","houston",-11,45,7,"H",FALSE,39
"2017/12/24",2017,"jacksonville","san francisco",-4,33,44,"V",FALSE,42.5
"2017/12/31",2017,"jacksonville","tennessee",2.5,10,15,"V",FALSE,40.5
"2018/01/07",2017,"jacksonville","buffalo",-8.5,10,3,"H",FALSE,40
"2018/01/14",2017,"jacksonville","pittsburgh",7.5,45,42,"V",FALSE,40.5
"2018/01/21",2017,"jacksonville","new england",9,20,24,"V",FALSE,46
"2017/09/07",2017,"kansas city","new england",9,42,27,"V",FALSE,48
"2017/09/17",2017,"kansas city","phila.",-4.5,27,20,"H",FALSE,47
"2017/09/24",2017,"kansas city","la chargers",-3,24,10,"V",FALSE,47.5
"2017/10/02",2017,"kansas city","wash.",-7,29,20,"H",FALSE,48.5
"2017/10/08",2017,"kansas city","houston",-1.5,42,34,"V",FALSE,44.5
"2017/10/15",2017,"kansas city","pittsburgh",-3.5,13,19,"H",FALSE,46
"2017/10/19",2017,"kansas city","oakland",-3,30,31,"V",FALSE,46.5
"2017/10/30",2017,"kansas city","denver",-7.5,29,19,"H",FALSE,42.5
"2017/11/05",2017,"kansas city","dallas",2.5,17,28,"V",FALSE,53.5
"2017/11/19",2017,"kansas city","ny giants",-10.5,9,12,"V",TRUE,44.5
"2017/11/26",2017,"kansas city","buffalo",-9,10,16,"H",FALSE,46.5
"2017/12/03",2017,"kansas city","ny jets",-3.5,31,38,"V",FALSE,44
"2017/12/10",2017,"kansas city","oakland",-4,26,15,"H",FALSE,48.5
"2017/12/16",2017,"kansas city","la charg.",1,30,13,"H",FALSE,46.5
"2017/12/24",2017,"kansas city","miami",-10.5,29,13,"H",FALSE,43.5
"2017/12/31",2017,"kansas city","denver",3,27,24,"V",FALSE,37.5
"2018/01/06",2017,"kansas city","tennessee",-8.5,21,22,"H",FALSE,44.5
"2017/09/11",2017,"los angeles chargers","denver",3,21,24,"V",FALSE,42.5
"2017/09/17",2017,"los angeles chargers","miami",-3.5,17,19,"H",FALSE,46.5
"2017/09/24",2017,"los angeles chargers","kansas city",3,10,24,"H",FALSE,47.5
"2017/10/01",2017,"los angeles chargers","phila.",-2,24,26,"H",FALSE,48
"2017/10/08",2017,"los angeles chargers","ny giants",3,27,22,"V",FALSE,45
"2017/10/15",2017,"los angeles chargers","oakland",3,17,16,"V",FALSE,48.5
"2017/10/22",2017,"los angeles chargers","denver",1,21,0,"H",FALSE,41
"2017/10/29",2017,"los angeles chargers","new england",7,13,21,"V",FALSE,48.5
"2017/11/12",2017,"los angeles chargers","jacksonville",5,17,20,"V",TRUE,41
"2017/11/19",2017,"los angeles chargers","buffalo",-6.5,54,24,"H",FALSE,41.5
"2017/11/23",2017,"los angeles chargers","dallas",-1.5,28,6,"V",FALSE,48
"2017/12/03",2017,"los angeles chargers","cleveland",-13.5,19,10,"H",FALSE,44.5
"2017/12/10",2017,"los angeles chargers","washington",-6,30,13,"H",FALSE,46.5
"2017/12/16",2017,"los angeles chargers","kansas city",-1,13,30,"V",FALSE,46.5
"2017/12/24",2017,"los angeles chargers","ny jets",-7,14,7,"V",FALSE,42.5
"2017/12/31",2017,"los angeles chargers","oakland",-7,30,10,"H",FALSE,43
"2017/09/10",2017,"los angeles rams","indy",-3.5,46,9,"H",FALSE,41.5
"2017/09/17",2017,"los angeles rams","wash.",-3,20,27,"H",FALSE,46
"2017/09/21",2017,"los angeles rams","san francisco",-2.5,41,39,"V",FALSE,40.5
"2017/10/01",2017,"los angeles rams","dallas",5.5,35,30,"V",FALSE,50
"2017/10/08",2017,"los angeles rams","seattle",-2,10,16,"H",FALSE,46.5
"2017/10/15",2017,"los angeles rams","jacksonville",2,27,17,"V",FALSE,42.5
"2017/10/22",2017,"los angeles rams","arizona",-3,33,0,"N",FALSE,46
"2017/11/05",2017,"los angeles rams","ny giants",-5.5,51,17,"V",FALSE,42
"2017/11/12",2017,"los angeles rams","houston",-12,33,7,"H",FALSE,45.5
"2017/11/19",2017,"los angeles rams","minnesota",2,7,24,"V",FALSE,46
"2017/11/26",2017,"los angeles rams","n. orleans",-2.5,26,20,"H",FALSE,54
"2017/12/03",2017,"los angeles rams","arizona",-7,32,16,"V",FALSE,43.5
"2017/12/10",2017,"los angeles rams","phila.",-1,35,43,"H",FALSE,47.5
"2017/12/17",2017,"los angeles rams","seattle",1,42,7,"V",FALSE,47.5
"2017/12/24",2017,"los angeles rams","tennessee",-6,27,23,"V",FALSE,46.5
"2017/12/31",2017,"los angeles rams","s. fran.",5,13,34,"H",FALSE,44
"2018/01/06",2017,"los angeles rams","atlanta",-6,13,26,"H",FALSE,48
"2017/09/17",2017,"miami ","la chargers",3.5,19,17,"V",FALSE,46.5
"2017/09/24",2017,"miami ","ny jets",-6,6,20,"V",FALSE,43.5
"2017/10/01",2017,"miami ","new orleans",3.5,0,20,"N",FALSE,51.5
"2017/10/08",2017,"miami ","tennessee",-1,16,10,"H",FALSE,41.5
"2017/10/15",2017,"miami ","atlanta",13.5,20,17,"V",FALSE,46
"2017/10/22",2017,"miami ","ny jets",-3,31,28,"H",FALSE,39
"2017/10/26",2017,"miami ","baltimore",3,0,40,"V",FALSE,38
"2017/11/05",2017,"miami ","oakland",3,24,27,"H",FALSE,44.5
"2017/11/13",2017,"miami ","carolina",9,21,45,"V",FALSE,38.5
"2017/11/19",2017,"miami ","tampa bay",1,20,30,"H",FALSE,43.5
"2017/11/26",2017,"miami ","new england",16.5,17,35,"V",FALSE,48.5
"2017/12/03",2017,"miami ","denver",1.5,35,9,"H",FALSE,40.5
"2017/12/11",2017,"miami ","new eng.",11,27,20,"H",FALSE,48
"2017/12/17",2017,"miami ","buffalo",3.5,16,24,"V",FALSE,39.5
"2017/12/24",2017,"miami ","kansas city",10.5,13,29,"V",FALSE,43.5
"2017/12/31",2017,"miami ","buffalo",2.5,16,22,"H",FALSE,41.5
"2017/09/11",2017,"minnesota ","n. orleans",-3,29,19,"H",FALSE,47.5
"2017/09/17",2017,"minnesota ","pittsburgh",8.5,9,26,"V",FALSE,44
"2017/09/24",2017,"minnesota ","tampa bay",2,34,17,"H",FALSE,40
"2017/10/01",2017,"minnesota ","detroit",-2.5,7,14,"H",FALSE,43
"2017/10/09",2017,"minnesota ","chicago",-3.5,20,17,"V",FALSE,41
"2017/10/15",2017,"minnesota ","green bay",3,23,10,"H",FALSE,45.5
"2017/10/22",2017,"minnesota ","baltimore",-5,24,16,"H",FALSE,38
"2017/10/29",2017,"minnesota ","cleveland",-10.5,33,16,"N",FALSE,38.5
"2017/11/12",2017,"minnesota ","washington",-1.5,38,30,"V",FALSE,41
"2017/11/19",2017,"minnesota ","la rams",-2,24,7,"H",FALSE,46
"2017/11/23",2017,"minnesota ","detroit",-2.5,30,23,"V",FALSE,45
"2017/12/03",2017,"minnesota ","atlanta",2.5,14,9,"V",FALSE,48
"2017/12/10",2017,"minnesota ","carolina",-2.5,24,31,"V",FALSE,40.5
"2017/12/17",2017,"minnesota ","cincinnati",-12.5,34,7,"H",FALSE,42.5
"2017/12/23",2017,"minnesota ","green bay",-8.5,16,0,"V",FALSE,40.5
"2017/12/31",2017,"minnesota ","chicago",-12.5,23,10,"H",FALSE,38.5
"2018/01/14",2017,"minnesota ","n. orleans",-5.5,29,24,"H",FALSE,46.5
"2018/01/21",2017,"minnesota ","philadelphia",-3,7,38,"V",FALSE,39
"2017/09/07",2017,"new england ","kansas city",-9,27,42,"H",FALSE,48
"2017/09/17",2017,"new england ","new orleans",-6.5,36,20,"V",FALSE,55.5
"2017/09/24",2017,"new england ","houston",-13.5,36,33,"H",FALSE,44.5
"2017/10/01",2017,"new england ","carolina",-9.5,30,33,"H",FALSE,48.5
"2017/10/05",2017,"new england ","tampa bay",-4.5,19,14,"V",FALSE,54.5
"2017/10/15",2017,"new england ","ny jets",-9.5,24,17,"V",FALSE,48
"2017/10/22",2017,"new england ","atlanta",-3,23,7,"H",FALSE,56.5
"2017/10/29",2017,"new england ","la charg.",-7,21,13,"H",FALSE,48.5
"2017/11/12",2017,"new england ","denver",-7.5,41,16,"V",FALSE,45
"2017/11/19",2017,"new england ","oakland",-7,33,8,"N",FALSE,55
"2017/11/26",2017,"new england ","miami",-16.5,35,17,"H",FALSE,48.5
"2017/12/03",2017,"new england ","buffalo",-8,23,3,"V",FALSE,49
"2017/12/11",2017,"new england ","miami",-11,20,27,"V",FALSE,48
"2017/12/17",2017,"new england ","pittsburgh",-2.5,27,24,"V",FALSE,53.5
"2017/12/24",2017,"new england ","buffalo",-11.5,37,16,"H",FALSE,47.5
"2017/12/31",2017,"new england ","ny jets",-15.5,26,6,"H",FALSE,43.5
"2018/01/13",2017,"new england ","tennessee",-13.5,35,14,"H",FALSE,48
"2018/01/21",2017,"new england ","j'ville",-9,24,20,"V",FALSE,46
"2018/02/04",2017,"new england ","philadelphia",-4.5,33,41,"V",FALSE,49
"2017/09/11",2017,"new orleans ","minnesota",3,19,29,"V",FALSE,47.5
"2017/09/17",2017,"new orleans ","n. england",6.5,20,36,"H",FALSE,55.5
"2017/09/24",2017,"new orleans ","carolina",5.5,34,13,"V",FALSE,46.5
"2017/10/01",2017,"new orleans ","miami",-3.5,20,0,"N",FALSE,51.5
"2017/10/15",2017,"new orleans ","detroit",-5,52,38,"H",FALSE,50
"2017/10/22",2017,"new orleans ","green bay",-3.5,26,17,"V",FALSE,46
"2017/10/29",2017,"new orleans ","chicago",-8.5,20,12,"H",FALSE,46.5
"2017/11/05",2017,"new orleans ","tampa bay",-7,30,10,"H",FALSE,53.5
"2017/11/12",2017,"new orleans ","buffalo",-2.5,47,10,"V",FALSE,48
"2017/11/19",2017,"new orleans ","wash.",-9,34,31,"H",TRUE,52.5
"2017/11/26",2017,"new orleans ","la rams",2.5,20,26,"V",FALSE,54
"2017/12/03",2017,"new orleans ","carolina",-5.5,31,21,"H",FALSE,47.5
"2017/12/07",2017,"new orleans ","atlanta",2.5,17,20,"V",FALSE,51.5
"2017/12/17",2017,"new orleans ","ny jets",-16,31,19,"H",FALSE,46.5
"2017/12/24",2017,"new orleans ","atlanta",-5.5,23,13,"H",FALSE,52
"2017/12/31",2017,"new orleans ","tampa bay",-6,24,31,"V",FALSE,49.5
"2018/01/07",2017,"new orleans ","carolina",-6.5,31,26,"H",FALSE,47.5
"2018/01/14",2017,"new orleans ","minnesota",5.5,24,29,"V",FALSE,46.5
"2017/09/10",2017,"new york giants ","dallas",4,3,19,"V",FALSE,47
"2017/09/18",2017,"new york giants ","detroit",-3,10,24,"H",FALSE,42
"2017/09/24",2017,"new york giants ","philadelphia",6,24,27,"V",FALSE,43.5
"2017/10/01",2017,"new york giants ","tampa bay",2.5,23,25,"V",FALSE,45.5
"2017/10/08",2017,"new york giants ","la charg.",-3,22,27,"H",FALSE,45
"2017/10/15",2017,"new york giants ","denver",12.5,23,10,"V",FALSE,38.5
"2017/10/22",2017,"new york giants ","seattle",4,7,24,"H",FALSE,39
"2017/11/05",2017,"new york giants ","la rams",5.5,17,51,"H",FALSE,42
"2017/11/12",2017,"new york giants ","san francisco",-3,21,31,"V",FALSE,41.5
"2017/11/19",2017,"new york giants ","kan. city",10.5,12,9,"H",TRUE,44.5
"2017/11/23",2017,"new york giants ","washington",7.5,10,20,"V",FALSE,44.5
"2017/12/03",2017,"new york giants ","oakland",9,17,24,"V",FALSE,42
"2017/12/10",2017,"new york giants ","dallas",3.5,10,30,"H",FALSE,41.5
"2017/12/17",2017,"new york giants ","phila.",7.5,29,34,"H",FALSE,40.5
"2017/12/24",2017,"new york giants ","arizona",3.5,0,23,"V",FALSE,39.5
"2017/12/31",2017,"new york giants ","washington",4.5,18,10,"H",FALSE,40.5
"2017/09/10",2017,"new york jets ","buffalo",8,12,21,"V",FALSE,41.5
"2017/09/17",2017,"new york jets ","oakland",14,20,45,"V",FALSE,43.5
"2017/09/24",2017,"new york jets ","miami",6,20,6,"H",FALSE,43.5
"2017/10/01",2017,"new york jets ","j'ville",4,23,20,"V",TRUE,38.5
"2017/10/08",2017,"new york jets ","cleveland",-1,17,14,"V",FALSE,41
"2017/10/15",2017,"new york jets ","n. england",9.5,17,24,"H",FALSE,48
"2017/10/22",2017,"new york jets ","miami",3,28,31,"V",FALSE,39
"2017/10/29",2017,"new york jets ","atlanta",6.5,20,25,"H",FALSE,44
"2017/11/02",2017,"new york jets ","buffalo",3,34,21,"H",FALSE,42.5
"2017/11/12",2017,"new york jets ","tampa bay",1,10,15,"V",FALSE,43.5
"2017/11/26",2017,"new york jets ","carolina",5.5,27,35,"H",FALSE,39.5
"2017/12/03",2017,"new york jets ","kansas city",3.5,38,31,"H",FALSE,44
"2017/12/10",2017,"new york jets ","denver",-1,0,23,"V",FALSE,41
"2017/12/17",2017,"new york jets ","new orleans",16,19,31,"V",FALSE,46.5
"2017/12/24",2017,"new york jets ","la charg.",7,7,14,"H",FALSE,42.5
"2017/12/31",2017,"new york jets ","new england",15.5,6,26,"V",FALSE,43.5
"2017/09/10",2017,"oakland","tennessee",2.5,26,16,"V",FALSE,50.5
"2017/09/17",2017,"oakland","ny jets",-14,45,20,"H",FALSE,43.5
"2017/09/24",2017,"oakland","washington",-3.5,10,27,"V",FALSE,53.5
"2017/10/01",2017,"oakland","denver",3.5,10,16,"V",FALSE,44.5
"2017/10/08",2017,"oakland","baltimore",-3,17,30,"H",FALSE,40.5
"2017/10/15",2017,"oakland","la charg.",-3,16,17,"H",FALSE,48.5
"2017/10/19",2017,"oakland","kansas city",3,31,30,"H",FALSE,46.5
"2017/10/29",2017,"oakland","buffalo",2,14,34,"V",FALSE,47
"2017/11/05",2017,"oakland","miami",-3,27,24,"V",FALSE,44.5
"2017/11/19",2017,"oakland","new england",7,8,33,"N",FALSE,55
"2017/11/26",2017,"oakland","denver",-4,21,14,"H",FALSE,42
"2017/12/03",2017,"oakland","ny giants",-9,24,17,"H",FALSE,42
"2017/12/10",2017,"oakland","kansas city",4,15,26,"V",FALSE,48.5
"2017/12/17",2017,"oakland","dallas",3,17,20,"H",FALSE,46
"2017/12/25",2017,"oakland","philadelphia",9.5,10,19,"V",FALSE,46.5
"2017/12/31",2017,"oakland","la chargers",7,10,30,"V",FALSE,43
"2017/09/10",2017,"philadelphia ","washington",-1,30,17,"V",FALSE,48.5
"2017/09/17",2017,"philadelphia ","kansas city",4.5,20,27,"V",FALSE,47
"2017/09/24",2017,"philadelphia ","ny giants",-6,27,24,"H",FALSE,43.5
"2017/10/01",2017,"philadelphia ","la chargers",2,26,24,"V",FALSE,48
"2017/10/08",2017,"philadelphia ","arizona",-6.5,34,7,"H",FALSE,45
"2017/10/12",2017,"philadelphia ","carolina",3,28,23,"V",FALSE,44
"2017/10/23",2017,"philadelphia ","wash.",-5,34,24,"H",FALSE,49
"2017/10/29",2017,"philadelphia ","s. fran.",-12.5,33,10,"H",FALSE,44.5
"2017/11/05",2017,"philadelphia ","denver",-7.5,51,23,"H",FALSE,41.5
"2017/11/19",2017,"philadelphia ","dallas",-6,37,9,"V",FALSE,48
"2017/11/26",2017,"philadelphia ","chicago",-13.5,31,3,"H",FALSE,43.5
"2017/12/03",2017,"philadelphia ","seattle",-4,10,24,"V",FALSE,46.5
"2017/12/10",2017,"philadelphia ","la rams",1,43,35,"V",FALSE,47.5
"2017/12/17",2017,"philadelphia ","ny giants",-7.5,34,29,"V",FALSE,40.5
"2017/12/25",2017,"philadelphia ","oakland",-9.5,19,10,"H",FALSE,46.5
"2017/12/31",2017,"philadelphia ","dallas",3.5,0,6,"H",FALSE,41
"2018/01/13",2017,"philadelphia ","atlanta",2.5,15,10,"H",FALSE,40.5
"2018/01/21",2017,"philadelphia ","minnesota",3,38,7,"H",FALSE,39
"2018/02/04",2017,"philadelphia ","new england",4.5,41,33,"V",FALSE,49
"2017/09/10",2017,"pittsburgh ","cleveland",-9.5,21,18,"V",FALSE,47
"2017/09/17",2017,"pittsburgh ","minnesota",-8.5,26,9,"H",FALSE,44
"2017/09/24",2017,"pittsburgh ","chicago",-7.5,17,23,"V",TRUE,44
"2017/10/01",2017,"pittsburgh ","baltimore",-3.5,26,9,"V",FALSE,42
"2017/10/08",2017,"pittsburgh ","j'ville",-7.5,9,30,"V",FALSE,42
"2017/10/15",2017,"pittsburgh ","kansas city",3.5,19,13,"V",FALSE,46
"2017/10/22",2017,"pittsburgh ","cincinnati",-4,29,14,"H",FALSE,40.5
"2017/10/29",2017,"pittsburgh ","detroit",-3,20,15,"V",FALSE,45
"2017/11/12",2017,"pittsburgh ","indianapolis",-10.5,20,17,"V",FALSE,46.5
"2017/11/16",2017,"pittsburgh ","tennessee",-7,40,17,"H",FALSE,44
"2017/11/26",2017,"pittsburgh ","green bay",-14,31,28,"H",FALSE,43
"2017/12/04",2017,"pittsburgh ","cincinnati",-4.5,23,20,"V",FALSE,43
"2017/12/10",2017,"pittsburgh ","baltimore",-5.5,39,38,"H",FALSE,43
"2017/12/17",2017,"pittsburgh ","n. england",2.5,24,27,"H",FALSE,53.5
"2017/12/25",2017,"pittsburgh ","houston",-9.5,34,6,"V",FALSE,45.5
"2017/12/31",2017,"pittsburgh ","cleveland",-5.5,28,24,"H",FALSE,37.5
"2018/01/14",2017,"pittsburgh ","j'ville",-7.5,42,45,"V",FALSE,40.5
"2017/09/10",2017,"san francisco","carolina",5,3,23,"H",FALSE,47
"2017/09/17",2017,"san francisco","seattle",13.5,9,12,"V",FALSE,41.5
"2017/09/21",2017,"san francisco","la rams",2.5,39,41,"H",FALSE,40.5
"2017/10/01",2017,"san francisco","arizona",6.5,15,18,"V",TRUE,44
"2017/10/08",2017,"san francisco","indianapolis",1.5,23,26,"V",TRUE,44
"2017/10/15",2017,"san francisco","washington",11,24,26,"V",FALSE,46.5
"2017/10/22",2017,"san francisco","dallas",6.5,10,40,"H",FALSE,48.5
"2017/10/29",2017,"san francisco","philadelphia",12.5,10,33,"V",FALSE,44.5
"2017/11/05",2017,"san francisco","arizona",2.5,10,20,"H",FALSE,39
"2017/11/12",2017,"san francisco","ny giants",3,31,21,"H",FALSE,41.5
"2017/11/26",2017,"san francisco","seattle",6.5,13,24,"H",FALSE,45
"2017/12/03",2017,"san francisco","chicago",3,15,14,"V",FALSE,42
"2017/12/10",2017,"san francisco","houston",2,26,16,"V",FALSE,45.5
"2017/12/17",2017,"san francisco","tennessee",-2,25,23,"H",FALSE,44.5
"2017/12/24",2017,"san francisco","j'ville",4,44,33,"V",FALSE,42.5
"2017/12/31",2017,"san francisco","la rams",-5,34,13,"V",FALSE,44
"2017/09/10",2017,"seattle ","green bay",3,9,17,"V",FALSE,50.5
"2017/09/17",2017,"seattle ","s. fran.",-13.5,12,9,"H",FALSE,41.5
"2017/09/24",2017,"seattle ","tennessee",2.5,27,33,"V",FALSE,41.5
"2017/10/01",2017,"seattle ","indy",-12.5,46,18,"H",FALSE,42
"2017/10/08",2017,"seattle ","la rams",2,16,10,"V",FALSE,46.5
"2017/10/22",2017,"seattle ","ny giants",-4,24,7,"V",FALSE,39
"2017/10/29",2017,"seattle ","houston",-6.5,41,38,"H",FALSE,45.5
"2017/11/05",2017,"seattle ","wash.",-7.5,14,17,"H",FALSE,45
"2017/11/09",2017,"seattle ","arizona",-6,22,16,"V",FALSE,40.5
"2017/11/20",2017,"seattle ","atlanta",-1.5,31,34,"H",FALSE,46
"2017/11/26",2017,"seattle ","san francisco",-6.5,24,13,"V",FALSE,45
"2017/12/03",2017,"seattle ","phila.",4,24,10,"H",FALSE,46.5
"2017/12/10",2017,"seattle ","jacksonville",2.5,24,30,"V",FALSE,41
"2017/12/17",2017,"seattle ","la rams",-1,7,42,"H",FALSE,47.5
"2017/12/24",2017,"seattle ","dallas",4.5,21,12,"V",FALSE,47
"2017/12/31",2017,"seattle ","arizona",-8.5,24,26,"H",FALSE,38
"2017/09/17",2017,"tampa bay","chicago",-7,29,7,"H",FALSE,43.5
"2017/09/24",2017,"tampa bay","minnesota",-2,17,34,"V",FALSE,40
"2017/10/01",2017,"tampa bay","ny giants",-2.5,25,23,"H",FALSE,45.5
"2017/10/05",2017,"tampa bay","n. england",4.5,14,19,"H",FALSE,54.5
"2017/10/15",2017,"tampa bay","arizona",-2.5,33,38,"V",FALSE,46
"2017/10/22",2017,"tampa bay","buffalo",3,27,30,"V",FALSE,45.5
"2017/10/29",2017,"tampa bay","carolina",-1.5,3,17,"H",FALSE,46
"2017/11/05",2017,"tampa bay","new orleans",7,10,30,"V",FALSE,53.5
"2017/11/12",2017,"tampa bay","ny jets",-1,15,10,"H",FALSE,43.5
"2017/11/19",2017,"tampa bay","miami",-1,30,20,"V",FALSE,43.5
"2017/11/26",2017,"tampa bay","atlanta",10,20,34,"V",FALSE,47.5
"2017/12/03",2017,"tampa bay","green bay",2.5,20,26,"V",TRUE,45
"2017/12/10",2017,"tampa bay","detroit",0,21,24,"H",FALSE,47.5
"2017/12/18",2017,"tampa bay","atlanta",6.5,21,24,"H",FALSE,48.5
"2017/12/24",2017,"tampa bay","carolina",10,19,22,"V",FALSE,46.5
"2017/12/31",2017,"tampa bay","n. orleans",6,31,24,"H",FALSE,49.5
"2017/09/10",2017,"tennessee","oakland",-2.5,16,26,"H",FALSE,50.5
"2017/09/17",2017,"tennessee","jacksonville",-1.5,37,16,"V",FALSE,41.5
"2017/09/24",2017,"tennessee","seattle",-2.5,33,27,"H",FALSE,41.5
"2017/10/01",2017,"tennessee","houston",-2.5,14,57,"V",FALSE,43.5
"2017/10/08",2017,"tennessee","miami",1,10,16,"V",FALSE,41.5
"2017/10/16",2017,"tennessee","indy",-7.5,36,22,"H",FALSE,47.5
"2017/10/22",2017,"tennessee","cleveland",-5.5,12,9,"V",TRUE,42.5
"2017/11/05",2017,"tennessee","baltimore",-3.5,23,20,"H",FALSE,42.5
"2017/11/12",2017,"tennessee","cincinnati",-4.5,24,20,"H",FALSE,40.5
"2017/11/16",2017,"tennessee","pittsburgh",7,17,40,"V",FALSE,44
"2017/11/26",2017,"tennessee","indianapolis",-3.5,20,16,"V",FALSE,46
"2017/12/03",2017,"tennessee","houston",-7,24,13,"H",FALSE,42.5
"2017/12/10",2017,"tennessee","arizona",-2.5,7,12,"V",FALSE,42.5
"2017/12/17",2017,"tennessee","san francisco",2,23,25,"V",FALSE,44.5
"2017/12/24",2017,"tennessee","la rams",6,23,27,"H",FALSE,46.5
"2017/12/31",2017,"tennessee","j'ville",-2.5,15,10,"V",FALSE,40.5
"2018/01/06",2017,"tennessee","kansas city",8.5,22,21,"V",FALSE,44.5
"2018/01/13",2017,"tennessee","new england",13.5,14,35,"V",FALSE,48
"2017/09/10",2017,"washington","phila.",1,17,30,"H",FALSE,48.5
"2017/09/17",2017,"washington","la rams",3,27,20,"V",FALSE,46
"2017/09/24",2017,"washington","oakland",3.5,27,10,"H",FALSE,53.5
"2017/10/02",2017,"washington","kansas city",7,20,29,"V",FALSE,48.5
"2017/10/15",2017,"washington","s. fran.",-11,26,24,"H",FALSE,46.5
"2017/10/23",2017,"washington","philadelphia",5,24,34,"V",FALSE,49
"2017/10/29",2017,"washington","dallas",2.5,19,33,"H",FALSE,46.5
"2017/11/05",2017,"washington","seattle",7.5,17,14,"V",FALSE,45
"2017/11/12",2017,"washington","minnesota",1.5,30,38,"H",FALSE,41
"2017/11/19",2017,"washington","n. orleans",9,31,34,"V",TRUE,52.5
"2017/11/23",2017,"washington","ny giants",-7.5,20,10,"H",FALSE,44.5
"2017/11/30",2017,"washington","dallas",-1.5,14,38,"V",FALSE,47
"2017/12/10",2017,"washington","la chargers",6,13,30,"V",FALSE,46.5
"2017/12/17",2017,"washington","arizona",-4.5,20,15,"H",FALSE,40.5
"2017/12/24",2017,"washington","denver",-3.5,27,11,"H",FALSE,39.5
"2017/12/31",2017,"washington","ny giants",-4.5,10,18,"V",FALSE,40.5
